0,0,0,0,0,0,0,0,0,0,0,0,0,0,0,0,0,0,0,0,0,0,0,0,0,0,0,0,0,0,0,0,0,0,0,0,0,0,0,0,0,0,0,0,0,0,0,0,0,0,0,0,0,0,0,0,0,0,0,0,0,0,0,0,0,0,0,0,0,0,0,0,0,0,0,0,0,0,0,0,0,0,0,0,0,0,0,0,0,0,0,0,0,0,0,0,0,0,0,0
0,0,0,0,0,0,0,0,0,0,0,0,0,0,0,0,0,0,0,0,0,0,0,0,0,0,0,0,0,0,0,0,0,0,0,0,0,0,0,0,0,0,0,0,0,0,0,0,0,0,0,0,0,0,0,0,0,0,0,0,0,0,0,0,0,0,0,0,0,0,0,0,0,0,0,0,0,0,0,0,0,0,0,0,0,0,0,0,0,0,0,0,0,0,0,0,0,0,0,0
0,0,0,0,0,0,0,0,0,0,0,0,0,0,0,0,0,0,0,0,0,0,0,0,0,0,0,0,0,0,0,0,0,0,0,0,0,0,0,0,0,0,0,0,0,0,0,0,0,0,0,0,0,0,0,0,0,0,0,0,0,0,0,0,0,0,0,0,0,0,0,0,0,0,0,0,0,0,0,0,0,0,0,0,0,0,0,0,0,0,0,0,0,0,0,0,0,0,0,0
0,0,0,0,0,0,0,0,0,0,0,0,0,0,0,0,0,0,0,0,0,0,0,0,0,0,0,0,0,0,0,0,0,0,0,0,0,0,0,0,0,0,0,0,0,0,0,0,0,0,0,0,0,0,0,0,0,0,0,0,0,0,0,0,0,0,0,0,0,0,0,0,0,0,0,0,0,0,0,0,0,0,0,0,0,0,0,0,0,0,0,0,0,0,0,0,0,0,0,0
0,0,0,0,0,0,0,0,0,0,0,0,0,0,0,0,0,0,0,0,0,0,0,0,0,0,0,0,0,0,0,0,0,0,0,0,0,0,0,0,0,0,0,0,0,0,0,0,0,0,0,0,0,0,0,0,0,0,0,0,0,0,0,0,0,0,0,0,0,0,0,0,0,0,0,0,0,0,0,0,0,0,0,0,0,0,0,0,0,0,0,0,0,0,0,0,0,0,0,0
0,0,0,0,0,0,0,0,0,0,0,0,0,0,0,0,0,0,0,0,0,0,0,0,0,0,0,0,0,0,0,0,0,0,0,0,0,0,0,0,0,0,0,0,0,0,0,0,0,0,0,0,0,0,0,0,0,0,0,0,0,0,0,0,0,0,0,0,0,0,0,0,0,0,0,0,0,0,0,0,0,0,0,0,0,0,0,0,0,0,0,0,0,0,0,0,0,0,0,0
0,0,0,0,0,0,0,0,0,0,0,0,0,0,0,0,0,0,0,0,0,0,0,0,0,0,0,0,0,0,0,0,0,0,0,0,0,0,0,0,0,0,0,0,0,0,0,0,0,0,0,0,0,0,0,0,0,0,0,0,0,0,0,0,0,0,0,0,0,0,0,0,0,0,0,0,0,0,0,0,0,0,0,0,0,0,0,0,0,0,0,0,0,0,0,0,0,0,0,0
0,0,0,0,0,0,0,0,0,0,0,0,0,0,0,0,0,0,0,0,0,0,0,0,0,0,0,0,0,0,0,0,0,0,0,0,0,0,0,0,0,0,0,0,0,0,0,0,0,0,0,0,0,0,0,0,0,0,0,0,0,0,0,0,0,0,0,0,0,0,0,0,0,0,0,0,0,0,0,0,0,0,0,0,0,0,0,0,0,0,0,0,0,0,0,0,0,0,0,0
0,0,0,0,0,0,0,0,0,0,0,0,0,0,0,0,0,0,0,0,0,0,0,0,0,0,0,0,0,0,0,0,0,0,0,0,0,0,0,0,0,0,0,0,0,0,0,0,0,0,0,0,0,0,0,0,0,0,0,0,0,0,0,0,0,0,0,0,0,0,0,0,0,0,0,0,0,0,0,0,0,0,0,0,0,0,0,0,0,0,0,0,0,0,0,0,0,0,0,0
0,0,0,0,0,0,0,0,0,0,0,0,0,0,0,0,0,0,0,0,0,0,0,0,0,0,0,0,0,0,0,0,0,0,0,0,0,0,0,0,0,0,0,0,0,0,0,0,0,0,0,0,0,0,0,0,0,0,0,0,0,0,0,0,0,0,0,0,0,0,0,0,0,0,0,0,0,0,0,0,0,0,0,0,0,0,0,0,0,0,0,0,0,0,0,0,0,0,0,0
0,0,0,0,0,0,0,0,0,0,0,0,0,0,0,0,0,0,0,0,0,0,0,0,0,0,0,0,0,0,0,0,0,0,0,0,0,0,16560,0,0,0,0,0,0,0,0,0,0,0,0,0,0,0,0,0,0,0,0,0,0,0,0,0,0,0,0,0,0,0,0,0,0,0,0,0,0,0,0,0,0,0,0,0,0,0,0,0,0,0,0,0,0,0,0,0,0,0,0,0
0,0,0,0,0,0,0,0,0,0,0,0,0,0,0,0,0,0,0,0,0,0,0,0,0,0,0,0,0,0,0,0,0,0,0,0,0,0,15300,0,0,0,0,0,0,0,0,0,0,0,0,0,0,0,0,0,0,0,0,0,0,0,0,0,0,0,0,0,0,0,0,0,0,0,0,0,0,0,0,0,0,0,0,0,0,0,0,0,0,0,0,0,0,0,0,0,0,0,0,0
0,0,0,0,0,0,0,0,0,0,0,0,0,0,0,0,0,0,0,0,0,0,0,0,0,0,0,0,0,0,0,0,0,0,0,0,0,2340,0,0,0,0,0,0,0,0,0,0,0,0,0,0,0,0,0,0,0,0,0,0,0,0,0,0,0,0,0,0,0,0,0,0,0,0,0,0,0,0,0,0,0,0,0,0,0,0,0,0,0,0,0,0,0,0,0,0,0,0,0,0
0,0,0,0,0,0,0,0,0,0,0,0,0,0,0,0,0,0,0,0,0,0,0,0,0,0,0,0,0,0,0,0,0,900,6660,17640,0,2700,0,0,0,0,0,0,0,0,0,0,0,0,0,0,0,0,0,0,0,0,0,0,0,0,0,0,0,0,0,0,0,0,0,0,0,0,0,0,0,0,0,0,0,0,0,0,0,0,0,0,0,0,0,0,0,0,0,0,0,0,0,0
0,0,0,0,0,0,0,0,0,0,0,0,0,0,0,0,0,0,0,0,0,0,0,0,0,0,0,0,0,0,0,0,720,2880,0,0,0,2880,0,0,0,0,0,0,0,0,0,0,0,0,0,0,0,0,0,0,0,0,0,0,0,0,0,0,0,0,0,0,0,0,0,0,0,0,0,0,0,0,0,0,0,0,0,0,0,0,0,0,0,0,0,0,0,0,0,0,0,0,0,0
0,0,0,0,0,0,0,0,0,0,0,0,0,0,0,0,0,0,0,0,0,0,0,0,0,0,0,0,0,0,0,1080,3060,0,0,0,1980,720,0,0,0,0,0,0,0,0,0,0,0,0,0,0,0,0,0,0,0,0,0,0,0,0,0,0,0,0,0,0,0,0,0,0,0,0,0,0,0,0,0,0,0,0,0,0,0,0,0,0,0,0,0,0,0,0,0,0,0,0,0,0
0,0,0,0,0,0,0,0,0,0,0,0,0,0,0,0,0,0,0,0,0,0,0,0,0,0,0,0,0,0,540,2700,0,0,0,0,2520,0,0,0,0,0,0,0,0,0,0,0,0,0,0,0,0,0,0,0,0,0,0,0,0,0,0,0,0,0,0,0,0,0,0,0,0,0,0,0,0,0,0,0,0,0,0,0,0,0,0,0,0,0,0,0,0,0,0,0,0,0,0,0
0,0,0,0,0,0,0,0,0,0,0,0,0,0,0,0,0,0,0,0,0,0,0,0,0,0,0,0,0,0,3240,0,0,0,0,0,2520,0,0,0,0,0,0,0,0,0,0,0,0,0,0,0,0,0,0,0,0,0,0,0,0,0,0,0,0,0,0,0,0,0,0,0,0,0,0,0,0,0,0,0,0,0,0,0,0,0,0,0,0,0,0,0,0,0,0,0,0,0,0,0
0,0,0,0,0,0,0,0,0,0,0,0,0,0,0,0,0,0,0,0,0,0,0,0,0,0,0,0,0,3420,180,0,0,0,0,1800,540,0,0,0,0,0,0,0,0,0,540,0,0,0,0,0,0,0,0,0,0,0,0,0,0,0,0,0,0,0,0,0,0,0,0,0,0,0,0,0,0,0,0,0,0,0,0,0,0,0,0,0,0,0,0,0,0,0,0,0,0,0,0,0
0,0,0,0,0,0,0,0,0,0,0,0,0,0,0,0,0,0,0,0,0,0,0,0,0,0,0,0,3060,540,0,0,0,0,0,2340,0,0,0,0,0,0,0,0,6300,11160,36360,55080,39240,20160,27720,8280,0,0,0,0,0,0,0,0,0,0,0,0,0,0,0,0,0,0,0,0,0,0,0,0,0,0,0,0,0,0,0,0,0,0,0,0,0,0,0,0,0,0,0,0,0,0,0,0
0,0,0,0,0,0,0,0,0,0,0,0,0,0,0,0,0,0,0,0,0,0,0,0,0,0,0,1980,900,0,0,0,0,0,0,2340,0,0,0,0,0,0,0,0,0,0,0,0,46260,38340,24660,26460,10260,0,0,0,0,0,0,0,0,0,0,0,0,0,0,0,0,0,0,0,0,0,0,0,0,0,0,0,0,0,0,0,0,0,0,0,0,0,0,0,0,0,0,0,0,0,0,0
0,0,0,0,0,0,0,0,0,0,0,0,0,0,0,0,0,0,0,0,0,0,0,0,0,0,1800,1260,0,0,0,0,0,0,900,1440,0,0,0,0,0,0,0,180,0,0,0,0,0,3060,13320,12600,0,0,0,0,0,0,0,0,0,0,0,0,0,0,0,0,0,0,0,0,0,0,0,0,0,0,0,0,0,0,0,0,0,0,0,0,0,0,0,0,0,0,0,0,0,0,0,0
0,0,0,0,0,0,0,0,0,0,0,0,0,0,0,0,0,0,0,0,0,0,0,0,0,1980,1260,0,0,0,0,0,0,0,2520,0,0,0,0,0,0,0,0,2340,0,0,0,0,0,0,4500,9360,0,0,0,0,0,0,0,0,0,0,0,0,0,0,0,0,0,0,0,0,0,0,0,0,0,0,0,0,0,0,0,0,0,0,0,0,0,0,0,0,0,0,0,0,0,0,0,0
0,0,0,0,0,0,0,0,0,0,0,0,0,0,0,0,0,0,0,0,0,0,0,0,2160,900,0,0,0,0,0,0,0,0,2700,0,0,0,0,0,0,0,0,0,0,0,0,0,0,0,0,0,0,0,0,0,0,0,0,0,0,0,0,0,0,0,0,0,0,0,0,0,0,0,15120,0,0,0,0,0,0,0,0,0,0,0,0,0,0,0,0,0,0,0,0,0,0,0,0,0
0,0,0,0,0,0,0,0,0,0,0,0,0,0,0,0,0,0,0,0,0,0,0,2160,1080,0,0,0,0,0,0,0,0,180,2700,0,0,0,0,0,0,0,0,0,0,0,0,0,0,0,0,0,0,0,0,0,0,0,0,0,0,0,0,0,0,0,0,0,0,0,0,0,0,5580,21780,0,0,0,0,0,0,0,0,0,0,0,0,0,0,0,0,0,0,0,0,0,0,0,0,0
0,0,0,0,0,0,0,0,0,0,0,0,0,0,0,0,0,0,0,0,0,0,1980,1260,0,0,0,0,0,0,0,0,0,2880,0,0,0,0,0,0,0,0,0,0,0,0,0,0,0,0,0,0,0,0,0,0,3600,7920,0,0,0,0,0,0,0,0,0,0,0,11700,0,0,0,7020,20160,0,0,0,0,0,0,0,0,0,0,0,0,0,0,0,0,0,0,0,0,0,0,0,0,0
0,0,0,0,0,0,0,0,0,0,0,0,0,0,0,0,0,0,0,0,0,1620,1800,0,0,0,0,0,0,0,0,0,0,2880,0,0,0,0,0,0,0,0,0,0,0,0,0,0,0,0,0,0,0,0,0,0,7740,44280,0,0,0,0,0,0,0,0,0,0,42300,133560,0,0,0,1980,5760,0,0,0,0,0,0,0,0,0,0,0,0,0,0,0,0,0,0,0,0,0,0,0,0,0
0,0,0,0,0,0,0,0,0,0,0,0,0,0,0,0,0,0,0,0,1260,2160,0,0,0,0,0,0,0,0,0,0,0,2700,0,0,0,0,0,0,0,0,0,0,0,0,0,0,0,0,0,0,0,0,10980,7380,31500,61380,29340,19800,14760,0,0,0,360,1260,0,7920,82260,196920,10620,0,9180,0,0,0,0,0,0,0,0,0,0,0,0,0,0,0,0,0,0,0,0,0,0,0,0,0,0,0
0,0,0,0,0,0,0,0,0,0,0,0,0,0,0,0,0,0,0,0,0,0,0,0,0,0,0,0,0,0,0,0,2700,180,0,0,0,0,0,0,0,0,0,0,0,0,0,0,0,0,0,45180,4860,0,0,9180,25920,21420,23760,13860,13320,3600,0,16380,42300,120780,124740,120060,146520,129420,23400,13680,14220,8100,0,0,0,0,0,0,0,0,0,0,0,0,0,0,0,0,0,0,0,0,0,0,0,0,0,0
0,0,0,0,0,0,0,0,0,0,0,0,0,0,0,0,0,0,0,0,0,0,0,0,0,0,0,0,0,0,0,0,2520,0,0,0,0,0,0,0,0,0,0,0,0,0,0,0,0,0,0,18720,10260,0,0,8460,47880,10080,17100,10800,1800,6120,40500,46080,13320,0,0,6300,12960,41040,70200,79920,38160,27720,1800,0,0,0,0,0,0,0,0,0,0,0,0,0,0,0,0,0,0,0,0,0,0,0,0,0
0,0,0,0,0,0,0,0,0,0,0,0,0,0,0,0,0,0,0,0,0,0,0,0,0,0,0,0,0,0,0,0,2520,0,0,0,0,0,0,0,0,0,0,0,0,0,0,0,0,0,0,0,0,0,0,2880,25560,19620,32220,14040,21240,9540,43200,8460,0,0,0,1800,3780,0,28440,98820,102960,62100,26100,0,0,0,0,0,0,0,0,0,0,0,0,0,0,0,0,0,0,0,0,0,0,0,0,0
0,0,0,0,0,0,0,0,0,0,0,0,0,0,0,0,0,0,0,0,0,0,0,0,0,0,0,0,0,0,0,1620,720,0,0,0,0,0,0,0,0,6480,44640,54360,41400,13500,2880,0,0,0,0,0,0,0,0,0,12420,0,21600,17280,56160,19800,43920,2520,0,0,0,15120,0,4500,14580,22680,28800,25380,0,0,0,0,0,0,0,0,0,0,0,0,0,0,0,0,0,0,0,0,0,0,0,0,0,0
0,0,0,0,0,0,0,0,0,0,0,0,0,0,0,0,0,0,0,0,0,0,0,0,0,0,0,0,0,1800,1800,5940,12600,16200,18000,7200,5400,0,0,0,900,40320,237600,263700,56340,24840,0,0,0,0,0,0,0,0,0,0,26640,34560,42120,40860,44100,24120,44280,23940,13320,13500,12600,3420,0,21060,24300,45000,63540,58140,25020,0,0,0,0,0,0,0,0,0,0,0,0,0,0,0,0,0,0,0,0,0,0,0,0,0
0,0,0,0,0,0,0,0,0,0,0,0,0,0,0,0,0,0,0,0,0,0,0,0,0,0,0,3600,1800,1800,0,0,0,0,0,0,0,0,0,0,9720,21420,132660,170640,4680,0,0,0,0,0,0,0,0,0,0,7020,7200,36540,21960,8820,19260,0,11520,128700,27900,20880,10800,16560,11700,25920,13140,3600,89640,92520,187020,0,0,0,0,0,0,0,0,0,0,0,0,0,0,0,0,0,0,0,0,0,0,0,0,0
0,0,0,0,0,0,0,0,0,0,0,0,0,0,0,0,0,0,0,0,0,0,0,0,0,0,3600,0,0,0,0,0,0,0,0,0,0,0,0,0,18720,29340,75600,11520,0,0,0,0,0,0,0,0,0,0,0,0,6660,25380,9900,4860,28260,21780,53820,255960,101520,59580,63900,62460,40500,24300,41040,19440,25020,32760,261360,0,0,0,0,0,0,0,0,0,0,0,0,0,0,0,0,0,0,0,0,0,0,0,0,0
0,0,0,0,0,0,0,0,0,0,0,0,0,0,0,0,0,0,0,0,0,0,0,0,0,0,0,0,0,0,0,0,0,0,0,0,0,0,2340,9000,38160,180000,538740,212760,1980,180,0,0,0,0,0,0,0,0,0,0,0,12240,1980,2700,26100,16200,80460,181800,171540,50040,43200,61740,34200,13860,57780,45360,24480,5400,491220,0,0,0,0,0,0,0,0,0,0,0,0,0,0,0,0,0,0,0,0,0,0,0,0,0
0,0,0,0,0,0,0,0,0,0,0,0,0,0,0,0,0,0,0,0,0,0,0,0,0,0,0,0,0,0,0,7740,1980,0,0,0,0,5400,6480,1620,5760,10800,13680,3420,1620,2880,6480,3240,0,0,0,0,0,0,0,0,0,5940,6120,6660,20340,540,19800,98820,225900,96660,58140,59220,40680,20880,33840,84420,30420,16920,536760,0,0,0,0,0,0,0,0,0,0,0,0,0,0,0,0,0,0,0,0,0,0,0,0,0
0,0,0,0,0,0,0,0,0,0,0,0,0,0,0,0,0,0,0,0,0,0,0,0,0,0,0,0,0,40680,58320,38700,11520,0,0,540,8280,5580,3780,8280,11160,4500,0,0,40680,78300,4140,1620,15840,0,0,0,0,0,0,0,0,9000,21060,6120,8460,0,11700,42840,178020,62100,34200,76500,34920,28620,20880,42660,8460,1800,343440,0,0,0,0,0,0,0,0,0,0,0,0,0,0,0,0,0,0,0,0,0,0,0,0,0
0,0,0,0,0,0,0,0,0,0,0,0,0,0,0,0,0,0,0,0,0,0,0,0,0,0,0,0,0,18540,13140,19800,180,0,2700,9180,3600,7740,10440,7920,2340,0,0,0,0,23400,104220,86400,23040,19800,7380,0,0,0,0,0,0,0,30600,720,0,0,0,30240,134820,38520,61380,48780,46980,66240,94320,96660,14760,6840,40320,0,0,0,0,0,0,0,0,0,0,0,0,0,0,0,0,0,0,0,0,0,0,0,0,0
0,0,0,0,0,0,0,0,0,0,0,0,0,0,0,0,0,0,0,0,0,0,0,0,0,0,0,0,0,15840,0,0,0,7020,9720,4320,13500,53100,3780,1260,0,0,0,0,0,2160,540,0,12780,0,0,0,0,0,0,2520,12060,7380,48600,0,0,0,0,22860,130320,68580,45720,14220,0,13680,71640,29340,7560,0,540,0,0,0,0,0,0,0,0,0,0,0,0,0,0,0,0,0,0,0,0,0,0,0,0,0
0,0,0,0,0,0,0,0,0,0,0,0,0,0,0,0,0,0,0,0,0,0,0,0,0,540,720,0,720,8280,0,3780,57240,6480,15480,50400,56520,361080,213840,5940,0,0,0,0,0,0,8820,0,0,0,0,0,0,0,0,5040,15840,4140,12780,0,0,0,0,12420,77760,21240,106020,19980,1080,34380,40320,31320,1980,0,0,0,0,0,0,0,0,0,0,0,0,0,0,0,0,0,0,0,0,0,0,0,0,0,0,0
0,0,0,0,0,0,0,0,0,0,0,0,0,0,0,0,0,0,0,0,0,0,0,0,1080,4140,0,0,5760,1800,3600,14220,107100,39240,30240,20520,146340,146880,132480,70560,2880,0,0,0,0,0,0,0,0,0,0,0,13680,0,0,5940,9000,17820,6660,540,0,0,0,14400,74160,70200,128880,30600,6660,10080,23220,11160,40680,1440,0,0,0,0,0,0,0,0,0,0,0,0,0,0,0,0,0,0,0,0,0,0,0,0,0,0
0,0,0,0,0,0,0,0,0,0,0,0,0,0,0,0,0,0,0,0,0,0,0,8100,9360,1980,5040,6660,32940,35100,36000,95940,32760,28440,34020,51480,13860,89640,137340,59760,7560,0,0,0,0,0,0,0,0,0,0,0,10440,41400,61560,42840,26100,13860,180,2340,0,0,0,45720,35460,43020,121860,29700,20520,3420,57240,17820,47520,0,0,0,0,0,0,0,0,0,0,0,0,0,0,0,0,0,0,0,0,0,0,0,0,0,0,0
0,0,0,0,0,0,0,0,0,0,0,0,0,0,0,0,0,0,0,0,0,0,360,27180,25920,540,16740,29700,71460,38160,40500,194940,43200,25920,67500,47160,47520,9720,7920,23220,0,0,0,0,0,0,0,0,0,0,0,0,0,29520,10260,2340,3600,2880,360,2160,0,0,0,15300,25020,20700,23760,2520,42300,2520,22500,46080,64260,0,29700,201420,24840,17100,0,0,0,0,0,0,0,0,0,0,0,0,0,0,0,0,0,0,0,0,0,0
0,0,0,0,0,0,0,0,0,0,0,0,0,0,0,0,0,0,0,0,0,0,2520,25920,12780,12060,6120,11880,15840,29160,44100,8820,6480,18180,255780,40500,9900,16200,23040,6300,0,0,0,0,0,0,0,0,0,0,0,0,0,59040,73440,68220,46440,22140,2340,2520,0,1260,18000,23040,3780,27720,17100,17100,17820,43020,45000,30060,23580,0,237060,212940,13500,0,0,0,0,0,0,0,0,0,0,0,0,0,0,0,0,0,0,0,0,0,0,0
0,0,0,0,0,0,0,0,0,0,0,0,0,0,0,0,0,0,0,0,900,1440,2880,6480,5940,6660,22500,28620,18000,29520,7560,42660,83520,20880,95580,15840,7920,42660,0,0,0,0,0,0,0,0,360,540,0,0,0,0,18900,10620,17100,0,720,5760,5220,1080,0,6660,43200,10260,11340,2160,3240,0,0,0,13320,63540,41580,2160,174600,255780,5580,0,0,0,0,0,0,0,0,0,0,0,0,0,0,0,0,0,0,0,0,0,0,0
0,0,0,0,0,0,0,0,0,0,0,0,0,0,0,0,0,0,0,720,3420,2880,180,18000,30780,28800,16740,22500,22320,25560,47520,58140,149760,109980,63720,48240,46260,56340,1260,0,0,1080,1980,1440,2160,1800,1620,0,0,0,0,3780,14760,91440,36000,1080,0,14760,4320,900,0,4860,34920,17460,8100,3240,0,0,12240,17460,37800,58140,58140,0,64800,363960,11160,0,0,0,0,0,0,0,0,0,0,0,0,0,0,0,0,0,0,0,0,0,0,0
0,0,0,0,0,0,0,0,0,0,0,0,0,0,0,0,0,0,360,4500,1080,1620,8820,24300,17460,13860,9180,18900,45180,50040,28080,25380,393300,181980,56880,34920,21420,19080,33300,1980,1980,720,0,0,0,0,1080,5400,5400,7560,9540,27360,14940,16920,2520,17820,16380,12240,8100,2340,0,5940,53460,35280,360,2340,2340,2340,7200,7560,26100,32580,60660,0,35820,292320,0,0,0,0,0,0,0,0,0,0,0,0,0,0,0,0,0,0,0,0,0,0,0,0
0,0,0,0,0,0,0,0,0,0,0,0,0,0,0,0,0,0,5040,720,0,1800,0,540,10080,11340,39780,67320,54900,49140,43380,37620,621900,181440,17280,40500,113400,36720,51120,2340,1440,180,3600,5760,6120,6480,6660,2160,2160,180,3780,76320,71280,16740,0,2340,19980,22500,15300,14400,7920,15480,84060,25020,2160,0,0,0,12600,0,0,18720,16740,2520,10440,207000,0,0,0,0,0,0,0,0,0,0,0,0,0,0,0,0,0,0,0,0,0,0,0,0
0,0,0,0,0,0,0,0,0,0,0,0,0,0,0,0,0,2880,2160,0,0,0,900,14580,18720,106920,98640,78480,66600,71460,68580,66600,584280,436500,63720,67680,84420,72180,46440,7920,10080,20520,4140,4860,26820,9540,0,0,0,0,1440,61920,131040,54720,0,0,0,28800,53460,73980,68400,38160,108000,34200,12960,0,0,0,9180,2340,3780,28080,0,0,20160,171000,1620,0,0,0,0,0,0,0,0,0,0,0,0,0,0,0,0,0,0,0,0,0,0,0
0,0,0,0,0,0,0,0,0,0,0,0,0,0,0,0,0,2880,0,0,0,0,113580,232560,202680,85860,70920,69120,65700,54000,43740,70920,523440,233640,15300,21960,18540,19080,41220,50580,14760,10080,20520,9180,60300,149940,116280,11520,5760,0,0,70200,23040,5580,8280,3420,8100,41940,62280,124380,81180,47340,107280,2340,8460,1800,2340,2160,15300,28440,115200,78120,0,360,32040,76140,0,0,0,0,0,0,0,0,0,0,0,0,0,0,0,0,0,0,0,0,0,0,0,0
0,0,0,0,0,0,0,0,0,0,0,0,0,0,0,0,0,0,0,0,1440,4860,54000,280260,214920,225360,208620,225360,426780,645120,428580,278280,779400,307620,143460,75060,115920,57060,77940,90180,55080,49680,86760,80280,119340,130140,137160,77580,48780,86940,59220,103140,111780,48960,49680,49680,102780,138780,268560,272520,194580,167400,51840,5580,2880,540,0,0,0,43020,226440,32760,3420,9720,73620,22500,1260,0,0,0,0,0,0,0,0,0,0,0,0,0,0,0,0,0,0,0,0,0,0,0
0,0,0,0,0,0,0,0,0,0,0,0,0,0,0,0,0,0,0,3420,3600,0,0,3060,53820,121320,100260,106020,125280,246420,301860,185940,493380,123660,235980,245700,646380,67680,94860,56520,25020,4680,24300,79380,93960,84600,128700,151740,174600,181800,174780,363600,614340,528480,307620,126540,70020,37980,51300,45900,37980,48240,10080,2520,4680,5940,8100,720,10440,28980,111960,3420,3240,6840,34020,20880,23940,0,0,0,0,0,0,0,0,0,0,0,0,0,0,0,0,0,0,0,0,0,0,0
0,0,0,0,0,0,0,0,0,0,0,0,0,0,0,0,0,1080,4860,1260,0,0,2880,5040,7020,21600,9900,22320,34740,110520,317700,209520,334440,2700,18000,8640,324360,85140,32400,83160,32580,1440,2700,8460,32040,29520,25380,53820,81720,100260,149580,274860,131940,58320,30600,10260,22320,27720,13860,4140,3780,0,2520,0,2160,1980,2160,5040,22680,18720,6120,1620,7560,23580,7920,39960,0,0,0,0,0,0,0,0,0,0,0,0,0,0,0,0,0,0,0,0,0,0,0,0
0,0,0,0,0,0,0,0,0,0,0,0,0,0,0,2340,4140,3960,0,360,900,8640,0,3780,6660,4500,23760,3600,0,15480,58680,77760,149580,2880,4140,5220,38700,12060,18180,41940,17460,540,0,0,4680,23580,23940,22500,62640,68040,104400,112680,30600,17460,11700,2700,16560,10260,1800,3060,16740,2160,3600,2340,0,0,0,59580,160920,14040,1800,7740,2520,21060,0,0,0,0,0,0,0,0,0,0,0,0,0,0,0,0,0,0,0,0,0,0,0,0,0,0
0,0,0,0,0,0,0,0,0,0,0,0,0,0,0,0,0,0,0,720,1260,30240,1260,5400,360,1800,25740,18000,6840,27180,80100,91080,113580,22500,16740,33660,22860,5400,0,6300,23760,29160,5760,6660,38160,65160,51840,31500,15300,28080,57240,65880,45900,29160,3960,0,22680,27900,20700,21240,18360,17460,7740,6300,7200,2160,4320,302580,183960,10980,5760,1800,0,1080,0,0,0,0,0,0,0,0,0,0,0,0,0,0,0,0,0,0,0,0,0,0,0,0,0,0
0,0,0,0,0,0,0,0,0,0,0,0,0,0,0,0,0,0,0,0,0,13500,5400,720,3960,10080,46080,21240,182880,112500,113220,95220,144900,158040,86940,45720,23940,15840,8820,10440,7200,6120,17820,1080,1980,49320,28080,7920,2340,6480,11340,13320,37080,10980,4320,8820,28620,14580,1080,0,2520,31140,18540,38880,54720,41040,11880,203760,64620,10800,2160,0,0,0,0,0,0,0,0,0,0,0,0,0,0,0,0,0,0,0,0,0,0,0,0,0,0,0,0,0
0,0,0,0,0,0,0,0,0,0,0,0,0,0,0,0,0,0,0,64620,90540,86220,77400,75600,78840,73260,68040,59760,321480,325440,142020,48960,95760,50040,49320,21960,9720,8280,8280,7020,9900,9540,15840,19620,17460,25560,18000,10620,14220,17100,29700,37620,47160,22860,1260,7740,15840,2880,10440,18180,55980,15840,3780,37440,7740,51840,2880,40320,22320,6300,0,0,0,0,0,0,0,0,0,0,0,0,0,0,0,0,0,0,0,0,0,0,0,0,0,0,0,0,0,0
0,0,0,0,0,0,0,0,0,0,0,0,0,0,0,0,0,0,17820,171540,99000,82080,78840,76860,70380,102060,93240,72720,372960,334620,114480,54900,56340,45180,34020,14040,14040,21780,26460,26100,24480,16740,13680,13320,19440,25740,39420,42840,12420,20340,8460,11160,33300,11340,12240,39600,94680,176760,273420,184140,210780,18000,27720,165060,146340,116460,14220,19980,28080,0,0,0,0,0,0,0,0,0,0,0,0,0,0,0,0,0,0,0,0,0,0,0,0,0,0,0,0,0,0,0
0,0,0,0,0,0,0,0,0,0,0,0,0,0,0,900,2340,2520,5760,1980,24660,28800,39600,49320,61380,55800,66600,144540,413460,324540,147240,32940,15120,9540,13320,7740,9180,7740,5400,3420,52020,5580,6660,7560,5220,9000,15480,12600,14220,45900,39060,37980,31140,41220,31500,74340,293400,523080,747000,448740,298980,70020,90540,24120,15660,79560,28080,109260,22500,0,0,0,0,0,0,0,0,0,0,0,0,0,0,0,0,0,0,0,0,0,0,0,0,0,0,0,0,0,0,0
0,0,0,0,0,0,0,0,0,0,0,0,0,0,0,0,0,0,900,8100,21240,4500,10980,16740,22500,28800,36000,178920,457560,394020,512100,86400,35820,49680,36900,22500,26100,12600,10620,10800,31140,16560,18900,11340,15660,41220,9540,10440,21420,91440,62100,19800,47160,77580,80280,195120,631080,506880,417060,352800,127440,68580,98280,34020,3780,13320,0,70200,21780,4140,0,0,0,0,0,0,0,0,0,0,0,0,0,0,0,0,0,0,0,0,0,0,0,0,0,0,0,0,0,0
0,0,0,0,0,0,0,0,0,0,0,0,0,0,0,0,0,0,1800,6480,22320,1440,2340,6840,13860,4500,12420,133020,452160,377280,420480,43020,31500,31680,16560,4680,360,0,0,0,0,11520,52740,103140,59400,40140,105120,54540,81900,105840,95220,46260,23580,17460,114480,437220,267660,135900,67500,148500,158220,284940,187560,52560,0,0,2700,15840,33840,8100,0,0,0,0,0,0,0,0,0,0,0,0,0,0,0,0,0,0,0,0,0,0,0,0,0,0,0,0,0,0
0,0,0,0,0,0,0,0,0,0,0,0,0,0,0,0,0,2880,540,2160,19980,3600,5220,2700,5760,105120,34380,98280,208620,304920,145080,6120,900,3420,21600,15480,13500,32940,2160,16020,23760,25920,54540,99900,25920,58140,137880,66060,42660,44280,43560,41220,119700,115380,249480,137700,43020,36540,74340,79380,49320,105660,220860,38160,10080,0,11880,3060,16380,18540,0,0,0,0,0,0,0,0,0,0,0,0,0,0,0,0,0,0,0,0,0,0,0,0,0,0,0,0,0,0
0,0,0,0,0,0,0,0,0,0,0,0,0,0,2340,2340,2880,360,0,2880,18360,9000,2520,2700,9180,13320,40860,38340,141300,81540,75240,19980,4320,180,3420,52560,52200,230580,131940,110340,2160,9720,6300,21960,12240,16920,55980,55980,76500,250740,117720,81360,43020,62460,113940,80820,77040,44460,44280,43920,35100,89460,356400,66960,0,0,16740,20700,0,17820,0,0,0,0,0,0,0,0,0,0,0,0,0,0,0,0,0,0,0,0,0,0,0,0,0,0,0,0,0,0
0,0,0,0,0,0,0,0,0,0,0,0,0,0,0,0,0,0,0,3060,18900,26280,13320,10980,2340,0,52200,34380,33300,3240,29520,9180,0,2880,31500,52020,89460,355860,199440,22320,11340,4320,0,0,14040,2160,35820,28980,28980,41580,35280,61380,83520,55980,113580,117000,161460,16200,28080,11340,17100,47880,684360,97920,0,0,25740,23580,0,15840,0,0,0,0,0,0,0,0,0,0,0,0,0,0,0,0,0,0,0,0,0,0,0,0,0,0,0,0,0,0
0,0,0,0,0,0,0,0,0,0,0,0,0,0,0,0,17460,6300,10800,23940,19800,49860,9540,1440,2700,2160,93240,24660,0,10080,8820,0,0,0,73080,26460,93060,25200,6660,6480,1800,0,2700,33120,30600,27720,32220,20340,7380,26280,27720,12960,20160,86760,111420,163980,103680,56160,84060,5400,23040,22320,307620,52920,540,2520,23220,0,0,12420,0,0,0,0,0,0,0,0,0,0,0,0,0,0,0,0,0,0,0,0,0,0,0,0,0,0,0,0,0,0
0,0,0,0,0,0,0,0,0,0,0,0,0,0,0,0,45180,53820,38700,24660,18720,32940,54000,21420,16200,12600,105300,42660,40320,11520,0,0,5220,52920,82440,104040,181260,81720,31320,1980,5400,15660,29160,80100,15480,5400,3600,0,35100,25740,15840,3600,360,43920,75420,91800,46620,87480,81180,16740,33300,41220,37980,9900,0,0,9180,0,0,0,0,0,0,0,0,0,0,0,0,0,0,0,0,0,0,0,0,0,0,0,0,0,0,0,0,0,0,0,0,0
0,0,0,0,0,0,0,0,0,0,0,0,0,0,0,13680,25380,24480,49320,40500,61380,36900,104400,87120,84240,77580,41400,76680,79020,21240,21420,19800,111060,63360,1620,6120,117180,27720,2160,2340,720,2160,56700,34560,0,0,0,2520,8280,4680,0,1980,11520,9180,11700,23580,50580,51840,69660,156060,122220,180,0,0,0,3780,1980,0,0,0,0,0,0,0,0,0,0,0,0,0,0,0,0,0,0,0,0,0,0,0,0,0,0,0,0,0,0,0,0,0
0,0,0,0,0,0,0,0,0,0,0,0,0,0,0,180,8100,19980,19980,27180,42480,44100,36000,54540,33300,26640,43920,131760,112680,2880,0,1440,86040,8640,11520,20880,25380,23400,18900,11880,1980,39600,18900,1620,0,2880,10440,1260,0,180,7560,12780,8460,6480,18720,40500,60660,63180,88560,108720,7560,0,0,0,0,0,0,0,0,0,0,0,0,0,0,0,0,0,0,0,0,0,0,0,0,0,0,0,0,0,0,0,0,0,0,0,0,0,0,0
0,0,0,0,0,0,0,0,0,0,0,900,8820,3060,6840,12420,14580,13320,23580,24120,33120,30240,25200,42660,20340,13500,11160,5040,7920,11160,7740,7380,7200,5940,2160,1980,0,0,0,720,0,7740,0,360,2160,2160,59220,44820,5940,17100,14760,7380,9540,21060,20340,16380,68580,26280,58860,49680,6660,0,3960,0,0,0,0,0,0,0,0,0,0,0,0,0,0,0,0,0,0,0,0,0,0,0,0,0,0,0,0,0,0,0,0,0,0,0,0,0
0,0,0,0,0,0,0,0,0,0,0,8280,14760,14580,12780,11520,12240,21600,15840,14040,21060,35460,31860,39600,24840,30780,45000,37980,25920,4320,1980,6840,6840,4140,2880,3060,5220,6120,5580,3420,1620,2520,17460,6120,32220,32400,61740,39600,40860,10260,10980,20700,15840,5040,1980,8280,18000,8100,45720,56520,10800,7740,50400,0,0,0,0,0,0,0,0,0,0,0,0,0,0,0,0,0,0,0,0,0,0,0,0,0,0,0,0,0,0,0,0,0,0,0,0,0
0,0,0,0,0,0,0,0,0,0,3600,18900,30240,25380,19080,14940,23220,18720,21240,28080,37260,27540,29340,51480,31140,19620,19080,20520,16380,20340,19800,10800,3420,2160,2880,2700,5940,2340,0,0,0,7740,49140,84420,142740,109440,167580,66600,49500,31680,12060,2160,0,0,12600,27720,25560,52560,45180,32040,6300,15120,23040,0,0,0,0,0,0,0,0,0,0,0,0,0,0,0,0,0,0,0,0,0,0,0,0,0,0,0,0,0,0,0,0,0,0,0,0,0
0,0,0,0,0,0,6120,360,0,0,0,5400,7020,2160,7920,3600,5040,1980,3240,59760,137520,15120,6480,2520,23580,18540,10260,9720,13860,15480,9540,14580,13680,25920,27180,29880,2340,4860,102600,151020,91260,53460,104400,150120,124200,22860,39600,61560,68220,4860,2160,2160,2160,25380,47340,58500,21780,35820,0,1260,3600,0,0,0,0,0,0,0,0,0,0,0,0,0,0,0,0,0,0,0,0,0,0,0,0,0,0,0,0,0,0,0,0,0,0,0,0,0,0,0
0,0,0,0,0,0,0,8280,9540,8100,3060,540,1080,1440,0,3240,12960,0,0,98640,110880,7200,4860,6840,9540,7740,23220,15660,12420,7020,14220,23760,25920,6660,2160,11880,30780,30600,14400,295560,295560,125100,139140,121500,88020,3420,4320,5400,21420,0,0,0,720,30780,52380,41220,16200,0,0,0,0,0,0,0,0,0,0,0,0,0,0,0,0,0,0,0,0,0,0,0,0,0,0,0,0,0,0,0,0,0,0,0,0,0,0,0,0,0,0,0
0,0,0,0,0,0,0,0,0,1260,900,6840,7560,9900,7920,7380,70560,7740,7020,63720,38520,29340,14400,92520,266040,138780,35100,24840,21600,16920,18360,14400,20160,34740,17460,10980,3060,14940,77400,262620,236880,133200,41760,9000,18900,5940,0,0,0,0,3060,7920,7920,2160,0,0,0,0,0,0,0,0,0,0,0,0,0,0,0,0,0,0,0,0,0,0,0,0,0,0,0,0,0,0,0,0,0,0,0,0,0,0,0,0,0,0,0,0,0,0
0,0,0,0,0,0,0,0,0,0,0,0,1080,360,1260,0,108720,3600,0,74880,3600,9360,16920,62460,52200,64980,45000,0,5760,14580,8640,11880,10260,22500,54900,59040,10080,5940,37980,98640,59760,34560,21960,25740,9900,11160,1440,6120,19620,20880,10260,0,0,0,0,0,0,0,0,0,0,0,0,0,0,0,0,0,0,0,0,0,0,0,0,0,0,0,0,0,0,0,0,0,0,0,0,0,0,0,0,0,0,0,0,0,0,0,0,0
0,0,0,0,0,0,0,0,0,9000,37080,540,5760,0,0,180,94140,28440,13860,67140,7380,13320,39600,57060,43380,62280,45900,4140,0,540,11340,10800,8820,16740,81000,96480,103500,1080,22680,0,5940,7380,6300,3780,10080,9360,6480,43380,7560,15840,0,0,0,0,0,0,0,0,0,0,0,0,0,0,0,0,0,0,0,0,0,0,0,0,0,0,0,0,0,0,0,0,0,0,0,0,0,0,0,0,0,0,0,0,0,0,0,0,0,0
0,0,0,0,0,0,0,0,0,30960,50040,5760,19080,900,2700,0,25560,64800,16920,55800,0,0,0,0,0,0,180,8820,0,0,0,4140,11520,30960,28980,48960,20880,2160,0,0,14580,9180,3780,6120,6660,11880,12060,42660,11340,19980,0,0,0,0,0,0,0,0,0,0,0,0,0,0,0,0,0,0,0,0,0,0,0,0,0,0,0,0,0,0,0,0,0,0,0,0,0,0,0,0,0,0,0,0,0,0,0,0,0,0
0,0,0,0,0,0,0,0,2700,4320,0,9900,22320,24480,11700,720,0,18180,14760,59580,0,0,0,0,0,0,900,0,0,0,0,0,900,9000,39420,0,3060,10260,2880,360,10620,0,7200,0,0,0,13320,15480,16920,15840,0,0,0,0,0,0,0,0,0,0,0,0,0,0,0,0,0,0,0,0,0,0,0,0,0,0,0,0,0,0,0,0,0,0,0,0,0,0,0,0,0,0,0,0,0,0,0,0,0,0
0,0,0,0,0,0,0,2520,2700,0,0,0,39420,7380,0,0,0,28980,13680,58320,0,0,0,0,0,0,0,0,0,0,0,0,0,0,27720,14220,11880,1080,2880,37620,48240,16560,18540,6480,6840,6480,8460,10800,47160,59040,0,0,0,0,0,0,0,0,0,0,0,0,0,0,0,0,0,0,0,0,0,0,0,0,0,0,0,0,0,0,0,0,0,0,0,0,0,0,0,0,0,0,0,0,0,0,0,0,0,0
0,0,0,0,0,0,540,16560,0,0,0,540,18360,0,0,9900,0,12060,52740,13860,0,0,0,0,0,0,0,0,0,0,0,0,0,0,5940,1080,3060,360,0,19800,2700,2340,11160,360,0,0,0,30780,44280,50940,0,0,0,0,0,0,0,0,0,0,0,0,0,0,0,0,0,0,0,0,0,0,0,0,0,0,0,0,0,0,0,0,0,0,0,0,0,0,0,0,0,0,0,0,0,0,0,0,0,0
0,0,0,0,0,0,1080,7740,0,0,0,0,0,0,0,17280,0,2340,46080,0,0,0,0,0,0,0,0,0,0,0,0,0,0,0,0,0,0,10260,29340,540,540,2700,2520,15480,2700,5580,5760,19440,15480,10080,0,1980,30960,0,0,0,0,0,0,0,0,0,0,0,0,0,0,0,0,0,0,0,0,0,0,0,0,0,0,0,0,0,0,0,0,0,0,0,0,0,0,0,0,0,0,0,0,0,0,0
0,0,0,0,0,0,0,0,0,0,0,0,0,0,14400,4860,0,0,21240,0,0,0,0,0,0,0,0,0,0,0,0,0,0,0,0,0,0,51300,62460,19080,12240,1980,16920,3240,10620,10440,2520,14580,2700,3600,11700,40860,115020,1980,0,0,0,0,0,0,0,0,0,0,0,0,0,0,0,0,0,0,0,0,0,0,0,0,0,0,0,0,0,0,0,0,0,0,0,0,0,0,0,0,0,0,0,0,0,0
0,0,0,0,0,0,0,0,0,0,0,0,0,19260,20160,0,0,0,0,0,0,0,0,0,0,0,0,0,0,0,0,0,0,0,0,0,0,0,0,0,8820,27900,66420,2700,8100,14220,6300,8100,1980,8640,262440,122040,28620,0,0,0,0,0,0,0,0,0,0,0,0,0,0,0,0,0,0,0,0,0,0,0,0,0,0,0,0,0,0,0,0,0,0,0,0,0,0,0,0,0,0,0,0,0,0,0
0,0,0,0,0,0,0,0,0,0,0,0,18000,32220,2160,0,0,0,0,0,0,0,0,0,0,0,0,0,0,0,0,0,0,0,0,0,0,0,0,0,0,7740,35460,2340,9180,18540,106920,73620,0,0,540,0,0,0,0,0,0,0,0,0,0,0,0,0,0,0,0,0,0,0,0,0,0,0,0,0,0,0,0,0,0,0,0,0,0,0,0,0,0,0,0,0,0,0,0,0,0,0,0,0
0,0,0,0,0,0,0,0,0,0,0,12240,20520,0,0,0,0,0,0,0,0,0,0,0,0,0,0,0,0,0,0,0,0,0,0,0,0,0,0,0,7380,0,0,0,1440,135720,0,24120,0,0,0,0,0,0,0,0,0,0,0,0,0,0,0,0,0,0,0,0,0,0,0,0,0,0,0,0,0,0,0,0,0,0,0,0,0,0,0,0,0,0,0,0,0,0,0,0,0,0,0,0
0,0,0,0,0,0,0,0,0,0,0,24120,6840,0,0,0,0,0,0,0,0,0,0,0,0,0,0,0,0,0,0,0,0,0,0,0,360,0,0,360,23940,5940,0,0,0,94680,0,0,0,0,0,0,0,0,0,0,0,0,0,0,0,0,0,0,0,0,0,0,0,0,0,0,0,0,0,0,0,0,0,0,0,0,0,0,0,0,0,0,0,0,0,0,0,0,0,0,0,0,0,0
0,0,0,0,0,0,0,0,0,0,0,17820,0,0,0,0,0,0,0,0,0,0,0,0,0,0,0,0,0,0,0,0,0,0,0,0,2340,14760,36000,3240,15480,28440,0,0,0,64620,19260,0,0,0,0,0,0,0,0,0,0,0,0,0,0,0,0,0,0,0,0,0,0,0,0,0,0,0,0,0,0,0,0,0,0,0,0,0,0,0,0,0,0,0,0,0,0,0,0,0,0,0,0,0
0,0,0,0,0,0,0,0,0,0,0,11160,0,0,0,0,0,0,0,0,0,0,0,0,0,0,0,0,0,0,0,0,0,0,0,0,0,0,20700,8820,0,0,0,0,0,0,15120,0,0,0,0,0,0,0,0,0,0,0,0,0,0,0,0,0,0,0,0,0,0,0,0,0,0,0,0,0,0,0,0,0,0,0,0,0,0,0,0,0,0,0,0,0,0,0,0,0,0,0,0,0
0,0,0,0,0,0,0,0,0,0,7200,4500,0,0,0,0,0,0,0,0,0,0,0,0,0,0,0,0,0,0,0,0,0,0,0,0,0,0,0,0,0,0,0,0,0,0,0,0,0,0,0,0,0,0,0,0,0,0,0,0,0,0,0,0,0,0,0,0,0,0,0,0,0,0,0,0,0,0,0,0,0,0,0,0,0,0,0,0,0,0,0,0,0,0,0,0,0,0,0,0
0,0,0,0,0,0,0,0,0,0,8280,0,0,0,0,0,0,0,0,0,0,0,0,0,0,0,0,0,0,0,0,0,0,0,0,0,0,0,0,0,0,0,0,0,0,0,0,0,0,0,0,0,0,0,0,0,0,0,0,0,0,0,0,0,0,0,0,0,0,0,0,0,0,0,0,0,0,0,0,0,0,0,0,0,0,0,0,0,0,0,0,0,0,0,0,0,0,0,0,0
0,0,0,0,0,0,0,0,0,0,0,0,0,0,0,0,0,0,0,0,0,0,0,0,0,0,0,0,0,0,0,0,0,0,0,0,0,0,0,0,0,0,0,0,0,0,0,0,0,0,0,0,0,0,0,0,0,0,0,0,0,0,0,0,0,0,0,0,0,0,0,0,0,0,0,0,0,0,0,0,0,0,0,0,0,0,0,0,0,0,0,0,0,0,0,0,0,0,0,0
0,0,0,0,0,0,0,0,0,0,0,0,0,0,0,0,0,0,0,0,0,0,0,0,0,0,0,0,0,0,0,0,0,0,0,0,0,0,0,0,0,0,0,0,0,0,0,0,0,0,0,0,0,0,0,0,0,0,0,0,0,0,0,0,0,0,0,0,0,0,0,0,0,0,0,0,0,0,0,0,0,0,0,0,0,0,0,0,0,0,0,0,0,0,0,0,0,0,0,0
0,0,0,0,0,0,0,0,0,0,0,0,0,0,0,0,0,0,0,0,0,0,0,0,0,0,0,0,0,0,0,0,0,0,0,0,0,0,0,0,0,0,0,0,0,0,0,0,0,0,0,0,0,0,0,0,0,0,0,0,0,0,0,0,0,0,0,0,0,0,0,0,0,0,0,0,0,0,0,0,0,0,0,0,0,0,0,0,0,0,0,0,0,0,0,0,0,0,0,0
0,0,0,0,0,0,0,0,0,0,0,0,0,0,0,0,0,0,0,0,0,0,0,0,0,0,0,0,0,0,0,0,0,0,0,0,0,0,0,0,0,0,0,0,0,0,0,0,0,0,0,0,0,0,0,0,0,0,0,0,0,0,0,0,0,0,0,0,0,0,0,0,0,0,0,0,0,0,0,0,0,0,0,0,0,0,0,0,0,0,0,0,0,0,0,0,0,0,0,0
0,0,0,0,0,0,0,0,0,0,0,0,0,0,0,0,0,0,0,0,0,0,0,0,0,0,0,0,0,0,0,0,0,0,0,0,0,0,0,0,0,0,0,0,0,0,0,0,0,0,0,0,0,0,0,0,0,0,0,0,0,0,0,0,0,0,0,0,0,0,0,0,0,0,0,0,0,0,0,0,0,0,0,0,0,0,0,0,0,0,0,0,0,0,0,0,0,0,0,0
0,0,0,0,0,0,0,0,0,0,0,0,0,0,0,0,0,0,0,0,0,0,0,0,0,0,0,0,0,0,0,0,0,0,0,0,0,0,0,0,0,0,0,0,0,0,0,0,0,0,0,0,0,0,0,0,0,0,0,0,0,0,0,0,0,0,0,0,0,0,0,0,0,0,0,0,0,0,0,0,0,0,0,0,0,0,0,0,0,0,0,0,0,0,0,0,0,0,0,0
0,0,0,0,0,0,0,0,0,0,0,0,0,0,0,0,0,0,0,0,0,0,0,0,0,0,0,0,0,0,0,0,0,0,0,0,0,0,0,0,0,0,0,0,0,0,0,0,0,0,0,0,0,0,0,0,0,0,0,0,0,0,0,0,0,0,0,0,0,0,0,0,0,0,0,0,0,0,0,0,0,0,0,0,0,0,0,0,0,0,0,0,0,0,0,0,0,0,0,0
0,0,0,0,0,0,0,0,0,0,0,0,0,0,0,0,0,0,0,0,0,0,0,0,0,0,0,0,0,0,0,0,0,0,0,0,0,0,0,0,0,0,0,0,0,0,0,0,0,0,0,0,0,0,0,0,0,0,0,0,0,0,0,0,0,0,0,0,0,0,0,0,0,0,0,0,0,0,0,0,0,0,0,0,0,0,0,0,0,0,0,0,0,0,0,0,0,0,0,0
0,0,0,0,0,0,0,0,0,0,0,0,0,0,0,0,0,0,0,0,0,0,0,0,0,0,0,0,0,0,0,0,0,0,0,0,0,0,0,0,0,0,0,0,0,0,0,0,0,0,0,0,0,0,0,0,0,0,0,0,0,0,0,0,0,0,0,0,0,0,0,0,0,0,0,0,0,0,0,0,0,0,0,0,0,0,0,0,0,0,0,0,0,0,0,0,0,0,0,0
